$ 1 0.000005 10.20027730826997 50 5 50 5e-11
178 640 368 880 368 6 1 0.2 -0.021293693262471144 0.05 1000000 0.02 20 0.015 0.005 1
209 848 448 656 448 0 0.001 0.3144517439803868 0.001 1
w 640 400 640 448 0
w 640 448 656 448 0
w 848 448 880 448 0
w 880 400 880 448 0
r 1024 448 1024 352 0 100
w 1024 352 880 352 0
w 1024 448 880 448 0
w 880 384 880 240 0
162 880 128 880 64 2 default-led 1 0 0 0.01
r 880 128 880 240 0 330
w 880 64 640 64 0
v 640 64 640 368 0 0 40 5 0 0 0.5
w 640 400 576 400 0
w 576 400 576 64 0
w 576 64 640 64 0
